$MeshFormat
4.1 0 8
$EndMeshFormat
$Entities
24 56 26 1
1 -2.775557561562891e-17 0.2 0.2 0 
2 -2.775557561562891e-17 0.2 0.8 0 
3 -2.775557561562891e-17 0.8 0.2 0 
4 -2.775557561562891e-17 0.8 0.8 0 
5 0.2 -2.775557561562891e-17 0.2 0 
6 0.2 -2.775557561562891e-17 0.8 0 
7 0.2 0.2 0 0 
8 0.2 0.8 0 0 
9 0.2 0.2 1 0 
10 0.2 0.8 1 0 
11 0.2 1 0.2 0 
12 0.2 1 0.8 0 
13 0.8 -2.775557561562891e-17 0.2 0 
14 0.8 -2.775557561562891e-17 0.8 0 
15 0.8 0.2 0 0 
16 0.8 0.8 0 0 
17 0.8 0.2 1 0 
18 0.8 0.8 1 0 
19 0.8 1 0.2 0 
20 0.8 1 0.8 0 
21 1 0.2 0.2 0 
22 1 0.2 0.8 0 
23 1 0.8 0.2 0 
24 1 0.8 0.8 0 
1 -1.000000000277556e-07 0.1999999 0.1999999 9.999999997224442e-08 0.2000001 0.8000001 0 2 1 -2 
2 -1.000000000277556e-07 0.1999999 0.1999999 9.999999997224442e-08 0.8000001 0.2000001 0 2 1 -3 
3 -1.000000000277556e-07 0.1999999 0.7999999000000001 9.999999997224442e-08 0.8000001 0.8000001 0 2 2 -4 
4 -1.000000000277556e-07 0.7999999000000001 0.1999999 9.999999997224442e-08 0.8000001 0.8000001 0 2 3 -4 
5 -1.000000000306311e-07 -1.000000000306311e-07 0.1999999 0.2000001 0.2000001 0.2000001 0 2 1 -5 
6 -1.000000000306311e-07 -1.000000000306311e-07 0.7999999000000001 0.2000001 0.2000001 0.8000001 0 2 2 -6 
7 0.1999999 -1.000000000277556e-07 0.1999999 0.2000001 9.999999997224442e-08 0.8000001 0 2 5 -6 
8 -1.000000000306311e-07 0.1999999 -1.000000000028756e-07 0.2000001 0.2000001 0.2000001 0 2 7 -1 
9 0.1999999 0.1999999 -1.000000000277556e-07 0.2000001 0.8000001 9.999999997224442e-08 0 2 7 -8 
10 -1.000000000306311e-07 0.7999999000000001 -1.000000000028756e-07 0.2000001 0.8000001 0.2000001 0 2 8 -3 
11 -1.000000000306311e-07 0.1999999 0.7999999000000001 0.2000001 0.2000001 1.0000001 0 2 9 -2 
12 0.1999999 0.1999999 0.9999999000000001 0.2000001 0.8000001 1.0000001 0 2 9 -10 
13 -1.000000000306311e-07 0.7999999000000001 0.7999999000000001 0.2000001 0.8000001 1.0000001 0 2 4 -10 
14 -1.000000000306311e-07 0.7999999000000001 0.1999999 0.2000001 1.0000001 0.2000001 0 2 3 -11 
15 -1.000000000306311e-07 0.7999999000000001 0.7999999000000001 0.2000001 1.0000001 0.8000001 0 2 12 -4 
16 0.1999999 0.9999999000000001 0.1999999 0.2000001 1.0000001 0.8000001 0 2 11 -12 
17 0.1999999 0.1999999 -1e-07 0.2000001 0.2000001 1e-07 0 2 7 -7 
18 0.1999999 -1.000000000306311e-07 -1.000000000028756e-07 0.2000001 0.2000001 0.2000001 0 2 7 -5 
19 0.1999999 0.1999999 0.9999999000000001 0.2000001 0.2000001 1.0000001 0 2 9 -9 
20 0.1999999 -1.000000000306311e-07 0.7999999000000001 0.2000001 0.2000001 1.0000001 0 2 9 -6 
21 0.1999999 -1.000000000277556e-07 0.1999999 0.8000001 9.999999997224442e-08 0.2000001 0 2 5 -13 
22 0.1999999 -1.000000000277556e-07 0.7999999000000001 0.8000001 9.999999997224442e-08 0.8000001 0 2 6 -14 
23 0.7999999000000001 -1.000000000277556e-07 0.1999999 0.8000001 9.999999997224442e-08 0.8000001 0 2 13 -14 
24 0.1999999 0.1999999 -1.000000000277556e-07 0.8000001 0.2000001 9.999999997224442e-08 0 2 7 -15 
25 0.1999999 0.7999999000000001 -1.000000000277556e-07 0.8000001 0.8000001 9.999999997224442e-08 0 2 8 -16 
26 0.7999999000000001 0.1999999 -1.000000000277556e-07 0.8000001 0.8000001 9.999999997224442e-08 0 2 15 -16 
27 0.1999999 0.7999999000000001 -1e-07 0.2000001 0.8000001 1e-07 0 2 8 -8 
28 0.1999999 0.7999999000000001 -1.000000000028756e-07 0.2000001 1.0000001 0.2000001 0 2 8 -11 
29 0.1999999 0.1999999 0.9999999000000001 0.8000001 0.2000001 1.0000001 0 2 9 -17 
30 0.1999999 0.7999999000000001 0.9999999000000001 0.8000001 0.8000001 1.0000001 0 2 10 -18 
31 0.7999999000000001 0.1999999 0.9999999000000001 0.8000001 0.8000001 1.0000001 0 2 17 -18 
32 0.1999999 0.9999999000000001 0.7999999000000001 0.2000001 1.0000001 0.8000001 0 2 12 -12 
33 0.1999999 0.7999999000000001 0.7999999000000001 0.2000001 1.0000001 1.0000001 0 2 12 -10 
34 0.1999999 0.9999999000000001 0.1999999 0.8000001 1.0000001 0.2000001 0 2 11 -19 
35 0.1999999 0.9999999000000001 0.7999999000000001 0.8000001 1.0000001 0.8000001 0 2 12 -20 
36 0.7999999000000001 0.9999999000000001 0.1999999 0.8000001 1.0000001 0.8000001 0 2 19 -20 
37 0.7999999000000001 -1.000000000306311e-07 -1.000000000028756e-07 0.8000001 0.2000001 0.2000001 0 2 15 -13 
38 0.7999999000000001 -1.000000000306311e-07 0.7999999000000001 0.8000001 0.2000001 1.0000001 0 2 17 -14 
39 0.9999999000000001 0.1999999 0.1999999 1.0000001 0.2000001 0.8000001 0 2 21 -22 
40 0.7999999000000001 -1.000000000306311e-07 0.1999999 1.0000001 0.2000001 0.2000001 0 2 21 -13 
41 0.7999999000000001 -1.000000000306311e-07 0.7999999000000001 1.0000001 0.2000001 0.8000001 0 2 22 -14 
42 0.7999999000000001 0.7999999000000001 -1.000000000028756e-07 0.8000001 1.0000001 0.2000001 0 2 16 -19 
43 0.7999999000000001 0.1999999 -1.000000000028756e-07 1.0000001 0.2000001 0.2000001 0 2 15 -21 
44 0.9999999000000001 0.1999999 0.1999999 1.0000001 0.8000001 0.2000001 0 2 21 -23 
45 0.7999999000000001 0.7999999000000001 -1.000000000028756e-07 1.0000001 0.8000001 0.2000001 0 2 16 -23 
46 0.7999999000000001 0.7999999000000001 0.7999999000000001 0.8000001 1.0000001 1.0000001 0 2 20 -18 
47 0.7999999000000001 0.1999999 0.7999999000000001 1.0000001 0.2000001 1.0000001 0 2 17 -22 
48 0.9999999000000001 0.1999999 0.7999999000000001 1.0000001 0.8000001 0.8000001 0 2 22 -24 
49 0.7999999000000001 0.7999999000000001 0.7999999000000001 1.0000001 0.8000001 1.0000001 0 2 24 -18 
50 0.9999999000000001 0.7999999000000001 0.1999999 1.0000001 0.8000001 0.8000001 0 2 23 -24 
51 0.7999999000000001 0.7999999000000001 0.1999999 1.0000001 1.0000001 0.2000001 0 2 23 -19 
52 0.7999999000000001 0.7999999000000001 0.7999999000000001 1.0000001 1.0000001 0.8000001 0 2 20 -24 
53 0.7999999000000001 0.1999999 -1e-07 0.8000001 0.2000001 1e-07 0 2 15 -15 
54 0.7999999000000001 0.1999999 0.9999999000000001 0.8000001 0.2000001 1.0000001 0 2 17 -17 
55 0.7999999000000001 0.7999999000000001 -1e-07 0.8000001 0.8000001 1e-07 0 2 16 -16 
56 0.7999999000000001 0.9999999000000001 0.7999999000000001 0.8000001 1.0000001 0.8000001 0 2 20 -20 
1 -1.000000000277556e-07 0.1999999 0.1999999 9.999999997224442e-08 0.8000001 0.8000001 0 4 1 3 -4 -2 
2 -1.000000000306311e-07 -1.000000000306311e-07 0.1999999 0.2000001 0.2000001 0.8000001 0 4 1 6 -7 -5 
3 -1.000000000306311e-07 0.1999999 -1.000000000306311e-07 0.2000001 0.8000001 0.2000001 0 4 8 2 -10 -9 
4 -1.000000000306311e-07 0.1999999 0.7999999000000001 0.2000001 0.8000001 1.0000001 0 4 11 3 13 -12 
5 -1.000000000306311e-07 0.7999999000000001 0.1999999 0.2000001 1.0000001 0.8000001 0 4 4 -15 -16 -14 
6 -1.000000000306311e-07 -1.000000000306311e-07 -1.000000000028756e-07 0.2000001 0.2000001 0.2000001 0 4 17 8 5 -18 
7 -1.000000000306311e-07 -1.000000000306311e-07 0.7999999000000001 0.2000001 0.2000001 1.0000001 0 4 19 11 6 -20 
8 0.1999999 -1.000000000277556e-07 0.1999999 0.8000001 9.999999997224442e-08 0.8000001 0 4 7 22 -23 -21 
9 0.1999999 0.1999999 -1.000000000277556e-07 0.8000001 0.8000001 9.999999997224442e-08 0 4 9 25 -26 -24 
10 -1.000000000306311e-07 0.7999999000000001 -1.000000000028756e-07 0.2000001 1.0000001 0.2000001 0 4 27 10 14 -28 
11 0.1999999 0.1999999 0.9999999000000001 0.8000001 0.8000001 1.0000001 0 4 12 30 -31 -29 
12 -1.000000000306311e-07 0.7999999000000001 0.7999999000000001 0.2000001 1.0000001 1.0000001 0 4 32 15 13 -33 
13 0.1999999 0.9999999000000001 0.1999999 0.8000001 1.0000001 0.8000001 0 4 16 35 -36 -34 
14 0.1999999 -1.000000000306311e-07 -1.000000000306311e-07 0.8000001 0.2000001 0.2000001 0 4 18 21 -37 -24 
15 0.1999999 -1.000000000306311e-07 0.7999999000000001 0.8000001 0.2000001 1.0000001 0 4 20 22 -38 -29 
16 0.7999999000000001 -1.000000000306311e-07 0.1999999 1.0000001 0.2000001 0.8000001 0 4 39 41 -23 -40 
17 0.1999999 0.7999999000000001 -1.000000000306311e-07 0.8000001 1.0000001 0.2000001 0 4 28 34 -42 -25 
18 0.7999999000000001 0.1999999 -1.000000000306311e-07 1.0000001 0.8000001 0.2000001 0 4 43 44 -45 -26 
19 0.1999999 0.7999999000000001 0.7999999000000001 0.8000001 1.0000001 1.0000001 0 4 33 30 -46 -35 
20 0.7999999000000001 0.1999999 0.7999999000000001 1.0000001 0.8000001 1.0000001 0 4 47 48 49 -31 
21 0.7999999000000001 0.7999999000000001 0.1999999 1.0000001 1.0000001 0.8000001 0 4 50 -52 -36 -51 
22 0.7999999000000001 -1.000000000306311e-07 -1.000000000028756e-07 1.0000001 0.2000001 0.2000001 0 4 53 43 40 -37 
23 0.7999999000000001 -1.000000000306311e-07 0.7999999000000001 1.0000001 0.2000001 1.0000001 0 4 54 47 41 -38 
24 0.9999999000000001 0.1999999 0.1999999 1.0000001 0.8000001 0.8000001 0 4 39 48 -50 -44 
25 0.7999999000000001 0.7999999000000001 -1.000000000028756e-07 1.0000001 1.0000001 0.2000001 0 4 55 45 51 -42 
26 0.7999999000000001 0.7999999000000001 0.7999999000000001 1.0000001 1.0000001 1.0000001 0 4 56 52 49 -46 
1 -1.000000000583867e-07 -1.000000000583867e-07 -1.000000000583867e-07 1.0000001 1.0000001 1.0000001 0 26 1 2 3 4 5 6 7 8 9 10 11 12 13 14 15 16 17 18 19 20 21 22 23 24 25 26 
$EndEntities
$Nodes
107 286 1 286
0 1 0 1
1
-2.775557561562891e-17 0.2 0.2
0 2 0 1
2
-2.775557561562891e-17 0.2 0.8
0 3 0 1
3
-2.775557561562891e-17 0.8 0.2
0 4 0 1
4
-2.775557561562891e-17 0.8 0.8
0 5 0 1
5
0.2 -2.775557561562891e-17 0.2
0 6 0 1
6
0.2 -2.775557561562891e-17 0.8
0 7 0 1
7
0.2 0.2 0
0 8 0 1
8
0.2 0.8 0
0 9 0 1
9
0.2 0.2 1
0 10 0 1
10
0.2 0.8 1
0 11 0 1
11
0.2 1 0.2
0 12 0 1
12
0.2 1 0.8
0 13 0 1
13
0.8 -2.775557561562891e-17 0.2
0 14 0 1
14
0.8 -2.775557561562891e-17 0.8
0 15 0 1
15
0.8 0.2 0
0 16 0 1
16
0.8 0.8 0
0 17 0 1
17
0.8 0.2 1
0 18 0 1
18
0.8 0.8 1
0 19 0 1
19
0.8 1 0.2
0 20 0 1
20
0.8 1 0.8
0 21 0 1
21
1 0.2 0.2
0 22 0 1
22
1 0.2 0.8
0 23 0 1
23
1 0.8 0.2
0 24 0 1
24
1 0.8 0.8
1 1 0 3
25
26
27
-2.775557561562891e-17 0.2 0.35
-2.775557561562891e-17 0.2 0.4999999999999999
-2.775557561562891e-17 0.2 0.6500000000000001
1 2 0 3
28
29
30
-2.775557561562891e-17 0.35 0.2
-2.775557561562891e-17 0.4999999999999999 0.2
-2.775557561562891e-17 0.6500000000000001 0.2
1 3 0 3
31
32
33
-2.775557561562891e-17 0.35 0.8
-2.775557561562891e-17 0.4999999999999999 0.8
-2.775557561562891e-17 0.6500000000000001 0.8
1 4 0 3
34
35
36
-2.775557561562891e-17 0.8 0.35
-2.775557561562891e-17 0.8 0.4999999999999999
-2.775557561562891e-17 0.8 0.6500000000000001
1 5 0 1
37
0.0585786437626907 0.05857864376269023 0.2
1 6 0 1
38
0.0585786437626907 0.05857864376269023 0.8
1 7 0 3
39
40
41
0.2 -2.775557561562891e-17 0.35
0.2 -2.775557561562891e-17 0.4999999999999999
0.2 -2.775557561562891e-17 0.6500000000000001
1 8 0 1
42
0.05857864376269065 0.2 0.05857864376269034
1 9 0 3
43
44
45
0.2 0.35 -2.775557561562891e-17
0.2 0.4999999999999999 -2.775557561562891e-17
0.2 0.6500000000000001 -2.775557561562891e-17
1 10 0 1
46
0.05857864376269065 0.8 0.05857864376269034
1 11 0 1
47
0.05857864376269065 0.2 0.9414213562373097
1 12 0 3
48
49
50
0.2 0.35 1
0.2 0.4999999999999999 1
0.2 0.6500000000000001 1
1 13 0 1
51
0.0585786437626907 0.8 0.9414213562373098
1 14 0 1
52
0.0585786437626907 0.9414213562373098 0.2
1 15 0 1
53
0.05857864376269065 0.9414213562373097 0.8
1 16 0 3
54
55
56
0.2 1 0.35
0.2 1 0.4999999999999999
0.2 1 0.6500000000000001
1 17 0 0
1 18 0 1
57
0.2 0.05857864376269065 0.05857864376269034
1 19 0 0
1 20 0 1
58
0.2 0.05857864376269065 0.9414213562373097
1 21 0 3
59
60
61
0.35 -2.775557561562891e-17 0.2
0.4999999999999999 -2.775557561562891e-17 0.2
0.6500000000000001 -2.775557561562891e-17 0.2
1 22 0 3
62
63
64
0.35 -2.775557561562891e-17 0.8
0.4999999999999999 -2.775557561562891e-17 0.8
0.6500000000000001 -2.775557561562891e-17 0.8
1 23 0 3
65
66
67
0.8 -2.775557561562891e-17 0.35
0.8 -2.775557561562891e-17 0.4999999999999999
0.8 -2.775557561562891e-17 0.6500000000000001
1 24 0 3
68
69
70
0.35 0.2 -2.775557561562891e-17
0.4999999999999999 0.2 -2.775557561562891e-17
0.6500000000000001 0.2 -2.775557561562891e-17
1 25 0 3
71
72
73
0.35 0.8 -2.775557561562891e-17
0.4999999999999999 0.8 -2.775557561562891e-17
0.6500000000000001 0.8 -2.775557561562891e-17
1 26 0 3
74
75
76
0.8 0.35 -2.775557561562891e-17
0.8 0.4999999999999999 -2.775557561562891e-17
0.8 0.6500000000000001 -2.775557561562891e-17
1 27 0 0
1 28 0 1
77
0.2 0.9414213562373094 0.05857864376269034
1 29 0 3
78
79
80
0.35 0.2 1
0.4999999999999999 0.2 1
0.6500000000000001 0.2 1
1 30 0 3
81
82
83
0.35 0.8 1
0.4999999999999999 0.8 1
0.6500000000000001 0.8 1
1 31 0 3
84
85
86
0.8 0.35 1
0.8 0.4999999999999999 1
0.8 0.6500000000000001 1
1 32 0 0
1 33 0 1
87
0.2 0.9414213562373097 0.9414213562373094
1 34 0 3
88
89
90
0.35 1 0.2
0.4999999999999999 1 0.2
0.6500000000000001 1 0.2
1 35 0 3
91
92
93
0.35 1 0.8
0.4999999999999999 1 0.8
0.6500000000000001 1 0.8
1 36 0 3
94
95
96
0.8 1 0.35
0.8 1 0.4999999999999999
0.8 1 0.6500000000000001
1 37 0 1
97
0.8 0.05857864376269065 0.05857864376269034
1 38 0 1
98
0.8 0.05857864376269065 0.9414213562373097
1 39 0 3
99
100
101
1 0.2 0.35
1 0.2 0.4999999999999999
1 0.2 0.6500000000000001
1 40 0 1
102
0.9414213562373093 0.05857864376269023 0.2
1 41 0 1
103
0.9414213562373093 0.05857864376269023 0.8
1 42 0 1
104
0.8 0.9414213562373094 0.05857864376269034
1 43 0 1
105
0.9414213562373094 0.2 0.05857864376269034
1 44 0 3
106
107
108
1 0.35 0.2
1 0.4999999999999999 0.2
1 0.6500000000000001 0.2
1 45 0 1
109
0.9414213562373094 0.8 0.05857864376269034
1 46 0 1
110
0.8 0.9414213562373097 0.9414213562373094
1 47 0 1
111
0.9414213562373094 0.2 0.9414213562373097
1 48 0 3
112
113
114
1 0.35 0.8
1 0.4999999999999999 0.8
1 0.6500000000000001 0.8
1 49 0 1
115
0.9414213562373093 0.8 0.9414213562373098
1 50 0 3
116
117
118
1 0.8 0.35
1 0.8 0.4999999999999999
1 0.8 0.6500000000000001
1 51 0 1
119
0.9414213562373093 0.9414213562373098 0.2
1 52 0 1
120
0.9414213562373094 0.9414213562373097 0.8
1 53 0 0
1 54 0 0
1 55 0 0
1 56 0 0
2 1 0 14
121
122
123
124
125
126
127
128
129
130
131
132
133
134
0 0.5747997549833654 0.673374606908243
0 0.4253786276261119 0.3151694231240247
0 0.3279387300663724 0.5815440722700608
0 0.6473078012536073 0.4312397759980098
0 0.4270596939259588 0.6812473971646483
0 0.4966098363802032 0.54151458115108
0 0.6699205958314423 0.577222336295048
0 0.3512710985200196 0.4316045590567278
0 0.5686736136960843 0.3132355059956606
0 0.4978481954952053 0.4065527690651006
0 0.6901923788646684 0.6901923788646684
0 0.3098076211353317 0.6901923788646686
0 0.3098076211353316 0.3098076211353316
0 0.6931962829899383 0.298895056398734
2 2 0 6
135
136
137
138
139
140
0.07713741479298816 0.04218750000000074 0.5750000000000001
0.04218749999999991 0.07713741479298922 0.4249999999999999
0.08577963037379657 0.03582415779886042 0.3061178480929813
0.03582415779886031 0.08577963037379677 0.6938821519070187
0.02091258289332279 0.1109623841623158 0.2940091694159251
0.1109623841623136 0.0209125828933239 0.7059908305840737
2 3 0 6
141
142
143
144
145
146
0.07713741479298986 0.5750000000000001 0.04218749999999941
0.04218749999999941 0.4249999999999999 0.07713741479298986
0.03582415779886039 0.6938821519070186 0.08577963037379663
0.08577963037379639 0.3061178480929813 0.03582415779886056
0.02091258289332262 0.294009169415925 0.1109623841623161
0.1109623841623106 0.7059908305840733 0.0209125828933254
2 4 0 6
147
148
149
150
151
152
0.07713741479298816 0.5750000000000001 0.9578124999999993
0.04218749999999985 0.4249999999999999 0.9228625852070107
0.08577963037379654 0.3061178480929813 0.9641758422011396
0.03582415779886031 0.6938821519070187 0.9142203696262032
0.02091258289332287 0.2940091694159253 0.8890376158376844
0.1109623841623136 0.7059908305840737 0.9790874171066761
2 5 0 6
153
154
155
156
157
158
0.07713741479298986 0.9578125000000006 0.5750000000000001
0.04218749999999941 0.9228625852070103 0.4249999999999999
0.03582415779886036 0.9142203696262033 0.6938821519070186
0.08577963037379646 0.9641758422011395 0.3061178480929813
0.02091258289332262 0.8890376158376839 0.294009169415925
0.1109623841623105 0.9790874171066746 0.7059908305840732
2 6 0 1
159
0.08186804958040715 0.08864938421899668 0.08318440748233032
2 7 0 1
160
0.08186804958040715 0.08864938421899668 0.9168155925176698
2 8 0 15
161
162
163
164
165
166
167
168
169
170
171
172
173
174
175
0.6645771354035558 0 0.5702550427331093
0.3265544456622767 0 0.5691987298107781
0.584485895949922 0 0.3186059355174996
0.3268123710862786 0 0.4252832444719892
0.442855307872751 0 0.498159041733489
0.4365421144496279 0 0.6617241718924662
0.6832132795403718 0 0.4154139815772311
0.4358174834978453 0 0.3341170611610348
0.5787238024400263 0 0.6910972958621465
0.5408396400205882 0 0.5735786917569511
0.3098076211353315 0 0.3098076211353315
0.6901923788646686 0 0.3098076211353317
0.3098076211353319 0 0.6901923788646686
0.691095240364491 0 0.691095240364491
0.5600242670240845 0 0.4438152900774467
2 9 0 14
176
177
178
179
180
181
182
183
184
185
186
187
188
189
0.5747997549833654 0.673374606908243 0
0.6473078012536074 0.4312397759980098 0
0.4253786276261119 0.3151694231240247 0
0.3279387300663724 0.5815440722700607 0
0.4270596939259588 0.6812473971646483 0
0.4966098363802032 0.54151458115108 0
0.6699205958314423 0.5772223362950482 0
0.3512710985200196 0.4316045590567277 0
0.5686736136960844 0.3132355059956606 0
0.4978481954952053 0.4065527690651006 0
0.6901923788646684 0.6901923788646684 0
0.3098076211353316 0.3098076211353316 0
0.3098076211353317 0.6901923788646686 0
0.6931962829899384 0.2988950563987341 0
2 10 0 1
190
0.08186804958040718 0.9113506157810034 0.0831844074823303
2 11 0 14
191
192
193
194
195
196
197
198
199
200
201
202
203
204
0.6848305768759754 0.425378627626112 1
0.3266253930917569 0.5747997549833656 1
0.5687602240019901 0.6473078012536075 1
0.4184559277299392 0.3279387300663724 1
0.3187526028353516 0.4270596939259588 1
0.45848541884892 0.4966098363802033 1
0.5683954409432722 0.3512710985200196 1
0.4227776637049518 0.6699205958314424 1
0.6867644940043394 0.5686736136960845 1
0.5934472309348994 0.4978481954952054 1
0.3098076211353315 0.3098076211353315 1
0.701104943601266 0.6931962829899385 1
0.6901923788646689 0.3098076211353315 1
0.3098076211353316 0.6901923788646684 1
2 12 0 1
205
0.08186804958040715 0.9168155925176698 0.9113506157810034
2 13 0 15
206
207
208
209
210
211
212
213
214
215
216
217
218
219
220
0.6645771354035558 1 0.5702550427331093
0.3265544456622767 1 0.5691987298107781
0.584485895949922 1 0.3186059355174996
0.3268123710862786 1 0.4252832444719892
0.442855307872751 1 0.498159041733489
0.4365421144496279 1 0.6617241718924662
0.6832132795403718 1 0.4154139815772311
0.4358174834978453 1 0.3341170611610348
0.5787238024400263 1 0.6910972958621465
0.5408396400205882 1 0.5735786917569511
0.3098076211353315 1 0.3098076211353315
0.6901923788646686 1 0.3098076211353317
0.3098076211353319 1 0.6901923788646686
0.691095240364491 1 0.691095240364491
0.5600242670240845 1 0.4438152900774467
2 14 0 6
221
222
223
224
225
226
0.5750000000000001 0.07713741479298816 0.04218750000000074
0.4249999999999999 0.04218749999999991 0.07713741479298922
0.3061178480929813 0.08577963037379659 0.03582415779886042
0.6938821519070186 0.03582415779886028 0.08577963037379679
0.2940091694159252 0.02091258289332285 0.1109623841623157
0.7059908305840737 0.1109623841623137 0.02091258289332382
2 15 0 6
227
228
229
230
231
232
0.5750000000000001 0.07713741479298986 0.9578125000000006
0.4249999999999999 0.04218749999999941 0.9228625852070103
0.6938821519070186 0.03582415779886036 0.9142203696262033
0.3061178480929813 0.08577963037379636 0.9641758422011395
0.294009169415925 0.02091258289332257 0.8890376158376838
0.7059908305840732 0.1109623841623105 0.9790874171066746
2 16 0 6
233
234
235
236
237
238
0.9228625852070101 0.04218749999999935 0.5750000000000001
0.9578125000000006 0.07713741479298981 0.4249999999999999
0.9641758422011396 0.08577963037379661 0.6938821519070186
0.9142203696262036 0.03582415779886053 0.3061178480929813
0.9790874171066775 0.1109623841623161 0.294009169415925
0.8890376158376895 0.02091258289332543 0.7059908305840732
2 17 0 6
239
240
241
242
243
244
0.5750000000000001 0.9228625852070101 0.04218749999999935
0.4249999999999999 0.9578125000000006 0.07713741479298981
0.6938821519070185 0.9641758422011396 0.08577963037379666
0.3061178480929813 0.9142203696262036 0.03582415779886053
0.294009169415925 0.9790874171066773 0.1109623841623161
0.7059908305840732 0.8890376158376895 0.02091258289332543
2 18 0 6
245
246
247
248
249
250
0.9228625852070118 0.5750000000000001 0.04218750000000071
0.9578125000000001 0.4249999999999999 0.07713741479298919
0.9142203696262033 0.3061178480929813 0.03582415779886036
0.9641758422011397 0.6938821519070187 0.08577963037379679
0.9790874171066771 0.2940091694159253 0.1109623841623156
0.8890376158376863 0.7059908305840739 0.02091258289332379
2 19 0 6
251
252
253
254
255
256
0.5750000000000001 0.9228625852070119 0.9578124999999993
0.4249999999999999 0.9578125000000001 0.9228625852070109
0.3061178480929814 0.9142203696262035 0.9641758422011396
0.6938821519070189 0.9641758422011398 0.9142203696262032
0.705990830584074 0.8890376158376864 0.9790874171066761
0.2940091694159254 0.9790874171066772 0.8890376158376844
2 20 0 6
257
258
259
260
261
262
0.9228625852070103 0.5750000000000001 0.9578125000000006
0.9578125000000006 0.4249999999999999 0.9228625852070101
0.9641758422011396 0.6938821519070186 0.9142203696262035
0.9142203696262036 0.3061178480929813 0.9641758422011395
0.9790874171066775 0.294009169415925 0.8890376158376839
0.8890376158376894 0.7059908305840733 0.9790874171066747
2 21 0 6
263
264
265
266
267
268
0.9228625852070119 0.9578124999999993 0.5750000000000001
0.9578125000000001 0.9228625852070109 0.4249999999999999
0.9142203696262033 0.9641758422011397 0.3061178480929813
0.9641758422011397 0.9142203696262032 0.6938821519070186
0.9790874171066771 0.8890376158376844 0.2940091694159252
0.8890376158376864 0.9790874171066761 0.7059908305840737
2 22 0 1
269
0.9113506157810034 0.08186804958040715 0.0831844074823303
2 23 0 1
270
0.9113506157810034 0.08186804958040715 0.9168155925176698
2 24 0 14
271
272
273
274
275
276
277
278
279
280
281
282
283
284
1 0.5747997549833654 0.673374606908243
1 0.6473078012536073 0.4312397759980098
1 0.4253786276261118 0.3151694231240247
1 0.3279387300663724 0.5815440722700608
1 0.4270596939259588 0.6812473971646483
1 0.4966098363802031 0.54151458115108
1 0.6699205958314423 0.5772223362950482
1 0.3512710985200195 0.4316045590567278
1 0.5686736136960843 0.3132355059956606
1 0.4978481954952051 0.4065527690651006
1 0.6901923788646684 0.6901923788646684
1 0.3098076211353317 0.6901923788646686
1 0.3098076211353316 0.3098076211353316
1 0.6931962829899383 0.2988950563987341
2 25 0 1
285
0.9113506157810034 0.9181319504195928 0.08318440748233032
2 26 0 1
286
0.9113506157810034 0.9168155925176698 0.9181319504195928
3 1 0 0
$EndNodes
$Elements
98 736 1 736
0 1 15 1
1 1 
0 2 15 1
2 2 
0 3 15 1
3 3 
0 4 15 1
4 4 
0 5 15 1
5 5 
0 6 15 1
6 6 
0 7 15 1
7 7 
0 8 15 1
8 8 
0 9 15 1
9 9 
0 10 15 1
10 10 
0 11 15 1
11 11 
0 12 15 1
12 12 
0 13 15 1
13 13 
0 14 15 1
14 14 
0 15 15 1
15 15 
0 16 15 1
16 16 
0 17 15 1
17 17 
0 18 15 1
18 18 
0 19 15 1
19 19 
0 20 15 1
20 20 
0 21 15 1
21 21 
0 22 15 1
22 22 
0 23 15 1
23 23 
0 24 15 1
24 24 
1 1 1 4
25 1 25 
26 25 26 
27 26 27 
28 27 2 
1 2 1 4
29 1 28 
30 28 29 
31 29 30 
32 30 3 
1 3 1 4
33 2 31 
34 31 32 
35 32 33 
36 33 4 
1 4 1 4
37 3 34 
38 34 35 
39 35 36 
40 36 4 
1 5 1 2
41 1 37 
42 37 5 
1 6 1 2
43 2 38 
44 38 6 
1 7 1 4
45 5 39 
46 39 40 
47 40 41 
48 41 6 
1 8 1 2
49 7 42 
50 42 1 
1 9 1 4
51 7 43 
52 43 44 
53 44 45 
54 45 8 
1 10 1 2
55 8 46 
56 46 3 
1 11 1 2
57 9 47 
58 47 2 
1 12 1 4
59 9 48 
60 48 49 
61 49 50 
62 50 10 
1 13 1 2
63 4 51 
64 51 10 
1 14 1 2
65 3 52 
66 52 11 
1 15 1 2
67 12 53 
68 53 4 
1 16 1 4
69 11 54 
70 54 55 
71 55 56 
72 56 12 
1 18 1 2
73 7 57 
74 57 5 
1 20 1 2
75 9 58 
76 58 6 
1 21 1 4
77 5 59 
78 59 60 
79 60 61 
80 61 13 
1 22 1 4
81 6 62 
82 62 63 
83 63 64 
84 64 14 
1 23 1 4
85 13 65 
86 65 66 
87 66 67 
88 67 14 
1 24 1 4
89 7 68 
90 68 69 
91 69 70 
92 70 15 
1 25 1 4
93 8 71 
94 71 72 
95 72 73 
96 73 16 
1 26 1 4
97 15 74 
98 74 75 
99 75 76 
100 76 16 
1 28 1 2
101 8 77 
102 77 11 
1 29 1 4
103 9 78 
104 78 79 
105 79 80 
106 80 17 
1 30 1 4
107 10 81 
108 81 82 
109 82 83 
110 83 18 
1 31 1 4
111 17 84 
112 84 85 
113 85 86 
114 86 18 
1 33 1 2
115 12 87 
116 87 10 
1 34 1 4
117 11 88 
118 88 89 
119 89 90 
120 90 19 
1 35 1 4
121 12 91 
122 91 92 
123 92 93 
124 93 20 
1 36 1 4
125 19 94 
126 94 95 
127 95 96 
128 96 20 
1 37 1 2
129 15 97 
130 97 13 
1 38 1 2
131 17 98 
132 98 14 
1 39 1 4
133 21 99 
134 99 100 
135 100 101 
136 101 22 
1 40 1 2
137 21 102 
138 102 13 
1 41 1 2
139 22 103 
140 103 14 
1 42 1 2
141 16 104 
142 104 19 
1 43 1 2
143 15 105 
144 105 21 
1 44 1 4
145 21 106 
146 106 107 
147 107 108 
148 108 23 
1 45 1 2
149 16 109 
150 109 23 
1 46 1 2
151 20 110 
152 110 18 
1 47 1 2
153 17 111 
154 111 22 
1 48 1 4
155 22 112 
156 112 113 
157 113 114 
158 114 24 
1 49 1 2
159 24 115 
160 115 18 
1 50 1 4
161 23 116 
162 116 117 
163 117 118 
164 118 24 
1 51 1 2
165 23 119 
166 119 19 
1 52 1 2
167 20 120 
168 120 24 
2 1 2 42
169 124 126 127 
170 123 126 128 
171 126 124 130 
172 128 126 130 
173 126 121 127 
174 123 125 126 
175 122 128 130 
176 26 27 123 
177 32 33 121 
178 35 34 124 
179 29 28 122 
180 124 129 130 
181 30 29 129 
182 36 35 127 
183 25 26 128 
184 31 32 125 
185 125 121 126 
186 32 121 125 
187 35 124 127 
188 29 122 129 
189 26 123 128 
190 27 2 132 
191 33 4 131 
192 4 36 131 
193 28 1 133 
194 2 31 132 
195 1 25 133 
196 3 30 134 
197 34 3 134 
198 30 129 134 
199 36 127 131 
200 25 128 133 
201 31 125 132 
202 123 27 132 
203 121 33 131 
204 122 28 133 
205 124 34 134 
206 127 121 131 
207 129 124 134 
208 128 122 133 
209 125 123 132 
210 129 122 130 
2 2 2 22
211 40 136 39 
212 26 135 27 
213 135 136 40 
214 26 136 135 
215 136 137 39 
216 135 138 27 
217 5 137 37 
218 2 138 38 
219 39 137 5 
220 27 138 2 
221 41 135 40 
222 25 136 26 
223 41 140 135 
224 25 139 136 
225 37 139 1 
226 38 140 6 
227 6 140 41 
228 1 139 25 
229 136 139 137 
230 135 140 138 
231 137 139 37 
232 138 140 38 
2 3 2 22
233 29 30 141 
234 44 43 142 
235 29 141 142 
236 141 44 142 
237 142 43 144 
238 141 30 143 
239 3 46 143 
240 7 42 144 
241 43 7 144 
242 30 3 143 
243 45 44 141 
244 28 29 142 
245 28 142 145 
246 45 141 146 
247 46 8 146 
248 42 1 145 
249 8 45 146 
250 1 28 145 
251 142 144 145 
252 141 143 146 
253 144 42 145 
254 143 46 146 
2 4 2 22
255 49 148 48 
256 32 147 33 
257 147 148 49 
258 32 148 147 
259 148 149 48 
260 147 150 33 
261 9 149 47 
262 4 150 51 
263 48 149 9 
264 33 150 4 
265 50 147 49 
266 31 148 32 
267 50 152 147 
268 31 151 148 
269 51 152 10 
270 47 151 2 
271 10 152 50 
272 2 151 31 
273 148 151 149 
274 147 152 150 
275 149 151 47 
276 150 152 51 
2 5 2 22
277 35 36 153 
278 55 54 154 
279 35 153 154 
280 153 55 154 
281 153 36 155 
282 154 54 156 
283 4 53 155 
284 11 52 156 
285 54 11 156 
286 36 4 155 
287 56 55 153 
288 34 35 154 
289 34 154 157 
290 56 153 158 
291 52 3 157 
292 53 12 158 
293 12 56 158 
294 3 34 157 
295 154 156 157 
296 153 155 158 
297 156 52 157 
298 155 53 158 
2 6 2 6
299 37 159 5 
300 1 159 37 
301 5 159 57 
302 42 159 1 
303 57 159 7 
304 7 159 42 
2 7 2 6
305 38 6 160 
306 2 38 160 
307 6 58 160 
308 47 2 160 
309 58 9 160 
310 9 47 160 
2 8 2 44
311 63 62 166 
312 166 62 173 
313 165 168 175 
314 165 164 168 
315 168 163 175 
316 60 61 163 
317 66 67 161 
318 41 40 162 
319 162 165 166 
320 162 40 164 
321 162 164 165 
322 40 39 164 
323 167 161 175 
324 161 170 175 
325 59 60 168 
326 65 66 167 
327 66 161 167 
328 60 163 168 
329 6 41 173 
330 62 6 173 
331 61 13 172 
332 5 59 171 
333 13 65 172 
334 162 166 173 
335 39 5 171 
336 14 64 174 
337 67 14 174 
338 63 166 169 
339 161 169 170 
340 169 161 174 
341 64 63 169 
342 59 168 171 
343 65 167 172 
344 166 165 170 
345 161 67 174 
346 41 162 173 
347 164 39 171 
348 163 61 172 
349 167 163 172 
350 168 164 171 
351 163 167 175 
352 169 166 170 
353 170 165 175 
354 64 169 174 
2 9 2 42
355 177 181 182 
356 179 181 183 
357 181 177 185 
358 183 181 185 
359 181 176 182 
360 179 180 181 
361 178 183 185 
362 44 45 179 
363 72 73 176 
364 75 74 177 
365 69 68 178 
366 177 184 185 
367 70 69 184 
368 76 75 182 
369 43 44 183 
370 71 72 180 
371 180 176 181 
372 69 178 184 
373 72 176 180 
374 75 177 182 
375 44 179 183 
376 45 8 188 
377 73 16 186 
378 16 76 186 
379 68 7 187 
380 8 71 188 
381 7 43 187 
382 15 70 189 
383 74 15 189 
384 70 184 189 
385 43 183 187 
386 76 182 186 
387 71 180 188 
388 179 45 188 
389 177 74 189 
390 176 73 186 
391 178 68 187 
392 184 177 189 
393 182 176 186 
394 183 178 187 
395 180 179 188 
396 184 178 185 
2 10 2 6
397 52 11 190 
398 3 52 190 
399 11 77 190 
400 46 3 190 
401 77 8 190 
402 8 46 190 
2 11 2 42
403 193 198 196 
404 194 197 196 
405 196 200 193 
406 197 200 196 
407 196 198 192 
408 194 196 195 
409 191 200 197 
410 49 192 50 
411 82 193 83 
412 85 191 84 
413 79 194 78 
414 193 200 199 
415 80 197 79 
416 48 195 49 
417 81 198 82 
418 86 199 85 
419 195 196 192 
420 79 197 194 
421 85 199 191 
422 49 195 192 
423 82 198 193 
424 50 204 10 
425 10 204 81 
426 9 201 48 
427 78 201 9 
428 17 203 80 
429 83 202 18 
430 18 202 86 
431 84 203 17 
432 80 203 197 
433 48 201 195 
434 86 202 199 
435 81 204 198 
436 194 201 78 
437 191 203 84 
438 192 204 50 
439 193 202 83 
440 199 202 193 
441 197 203 191 
442 198 204 192 
443 195 201 194 
444 199 200 191 
2 12 2 6
445 51 10 205 
446 4 51 205 
447 10 87 205 
448 53 4 205 
449 87 12 205 
450 12 53 205 
2 13 2 44
451 92 211 91 
452 211 218 91 
453 210 220 213 
454 210 213 209 
455 213 220 208 
456 89 208 90 
457 95 206 96 
458 56 207 55 
459 207 211 210 
460 207 209 55 
461 207 210 209 
462 55 209 54 
463 212 220 206 
464 206 220 215 
465 88 213 89 
466 94 212 95 
467 95 212 206 
468 89 213 208 
469 12 218 56 
470 91 218 12 
471 90 217 19 
472 11 216 88 
473 19 217 94 
474 207 218 211 
475 54 216 11 
476 20 219 93 
477 96 219 20 
478 92 214 211 
479 206 215 214 
480 214 219 206 
481 93 214 92 
482 88 216 213 
483 94 217 212 
484 211 215 210 
485 206 219 96 
486 56 218 207 
487 209 216 54 
488 208 217 90 
489 212 217 208 
490 213 216 209 
491 208 220 212 
492 214 215 211 
493 215 220 210 
494 93 219 214 
2 14 2 22
495 69 222 68 
496 60 221 61 
497 221 222 69 
498 60 222 221 
499 222 223 68 
500 221 224 61 
501 7 223 57 
502 13 224 97 
503 68 223 7 
504 61 224 13 
505 70 221 69 
506 59 222 60 
507 70 226 221 
508 59 225 222 
509 57 225 5 
510 97 226 15 
511 15 226 70 
512 5 225 59 
513 222 225 223 
514 221 226 224 
515 223 225 57 
516 224 226 97 
2 15 2 22
517 63 64 227 
518 79 78 228 
519 63 227 228 
520 227 79 228 
521 227 64 229 
522 228 78 230 
523 14 98 229 
524 9 58 230 
525 78 9 230 
526 64 14 229 
527 80 79 227 
528 62 63 228 
529 62 228 231 
530 80 227 232 
531 98 17 232 
532 58 6 231 
533 17 80 232 
534 6 62 231 
535 228 230 231 
536 227 229 232 
537 230 58 231 
538 229 98 232 
2 16 2 22
539 100 101 233 
540 66 65 234 
541 100 233 234 
542 233 66 234 
543 233 101 235 
544 234 65 236 
545 22 103 235 
546 13 102 236 
547 101 22 235 
548 65 13 236 
549 67 66 233 
550 99 100 234 
551 99 234 237 
552 67 233 238 
553 103 14 238 
554 102 21 237 
555 14 67 238 
556 21 99 237 
557 234 236 237 
558 233 235 238 
559 236 102 237 
560 235 103 238 
2 17 2 22
561 89 90 239 
562 72 71 240 
563 89 239 240 
564 239 72 240 
565 239 90 241 
566 240 71 242 
567 19 104 241 
568 8 77 242 
569 90 19 241 
570 71 8 242 
571 73 72 239 
572 88 89 240 
573 88 240 243 
574 73 239 244 
575 104 16 244 
576 77 11 243 
577 16 73 244 
578 11 88 243 
579 240 242 243 
580 239 241 244 
581 242 77 243 
582 241 104 244 
2 18 2 22
583 75 246 74 
584 107 245 108 
585 245 246 75 
586 107 246 245 
587 246 247 74 
588 245 248 108 
589 15 247 105 
590 23 248 109 
591 74 247 15 
592 108 248 23 
593 76 245 75 
594 106 246 107 
595 76 250 245 
596 106 249 246 
597 105 249 21 
598 109 250 16 
599 16 250 76 
600 21 249 106 
601 246 249 247 
602 245 250 248 
603 247 249 105 
604 248 250 109 
2 19 2 22
605 82 252 81 
606 92 251 93 
607 251 252 82 
608 92 252 251 
609 252 253 81 
610 251 254 93 
611 10 253 87 
612 20 254 110 
613 81 253 10 
614 93 254 20 
615 83 251 82 
616 91 252 92 
617 83 255 251 
618 91 256 252 
619 110 255 18 
620 87 256 12 
621 18 255 83 
622 12 256 91 
623 252 256 253 
624 251 255 254 
625 253 256 87 
626 254 255 110 
2 20 2 22
627 85 84 258 
628 113 114 257 
629 257 85 258 
630 113 257 258 
631 258 84 260 
632 257 114 259 
633 24 115 259 
634 17 111 260 
635 84 17 260 
636 114 24 259 
637 86 85 257 
638 112 113 258 
639 86 257 262 
640 112 258 261 
641 115 18 262 
642 111 22 261 
643 18 86 262 
644 22 112 261 
645 258 260 261 
646 257 259 262 
647 260 111 261 
648 259 115 262 
2 21 2 22
649 95 264 94 
650 117 263 118 
651 263 264 95 
652 117 264 263 
653 264 265 94 
654 263 266 118 
655 19 265 119 
656 24 266 120 
657 94 265 19 
658 118 266 24 
659 96 263 95 
660 116 264 117 
661 96 268 263 
662 116 267 264 
663 119 267 23 
664 120 268 20 
665 20 268 96 
666 23 267 116 
667 264 267 265 
668 263 268 266 
669 265 267 119 
670 266 268 120 
2 22 2 6
671 102 13 269 
672 21 102 269 
673 13 97 269 
674 105 21 269 
675 97 15 269 
676 15 105 269 
2 23 2 6
677 103 270 14 
678 22 270 103 
679 14 270 98 
680 111 270 22 
681 98 270 17 
682 17 270 111 
2 24 2 42
683 272 277 276 
684 274 278 276 
685 276 280 272 
686 278 280 276 
687 276 277 271 
688 274 276 275 
689 273 280 278 
690 100 274 101 
691 113 271 114 
692 117 272 116 
693 107 273 106 
694 272 280 279 
695 108 279 107 
696 118 277 117 
697 99 278 100 
698 112 275 113 
699 275 276 271 
700 113 275 271 
701 117 277 272 
702 107 279 273 
703 100 278 274 
704 101 282 22 
705 114 281 24 
706 24 281 118 
707 106 283 21 
708 22 282 112 
709 21 283 99 
710 23 284 108 
711 116 284 23 
712 108 284 279 
713 99 283 278 
714 118 281 277 
715 112 282 275 
716 274 282 101 
717 272 284 116 
718 271 281 114 
719 273 283 106 
720 279 284 272 
721 277 281 271 
722 278 283 273 
723 275 282 274 
724 279 280 273 
2 25 2 6
725 119 285 19 
726 23 285 119 
727 19 285 104 
728 109 285 23 
729 104 285 16 
730 16 285 109 
2 26 2 6
731 115 286 18 
732 24 286 115 
733 18 286 110 
734 120 286 24 
735 110 286 20 
736 20 286 120 
$EndElements
